10,26
10,252
10,284
10,78
10,274
10,298
10,242
10,268
11,16
11,8
47,4
47,3
47,2
11,14
47,1
47,0
46,3
46,2
11,24
46,1
46,0
45,3
45,2
9,6
9,4
45,1
45,0
44,5
44,4
44,3
8,17
8,8
8,12
44,2
44,1
44,0
43,4
43,3
43,2
43,1
43,0
41,5
41,4
41,3
41,2
41,1
41,0
38,5
38,4
38,3
38,2
38,1
32,3
32,1
27,1
27,3
24,3
24,1
20,3
20,2
20,1
19,3
19,2
19,1
12,3
12,2
12,1
11,29
11,23
11,17
11,13
11,12
11,11
11,7
11,5
11,3
11,2
11,1
10,303
10,269
10,217
10,175
10,167
10,145
18,1
10,139
18,3
14,1
10,125
14,3
13,1
10,89
10,3
13,3
10,2
10,1
9,7
9,5
9,3
9,2
9,1
8,16
